INTERNAL18	0.022749752	0.038575668	0.03461919	0.05637982	0.08110782	0.07912958	0.11770524	0.14836796	0.1909001	0.23046489
INTERNAL17	0.010781671	0.023360288	0.031446543	0.053009883	0.07277628	0.10512129	0.16442049	0.17520216	0.1473495	0.2165319
INTERNAL_ION	0.022349937	0.04773308	0.071360156	0.09706258	0.11238825	0.1197318	0.12468071	0.12579821	0.13122605	0.14766923
IMM-ION	0.022316685	0.04038257	0.12433581	0.08926674	0.10201913	0.10308183	0.08926674	0.06907545	0.1381509	0.22210415
Y18_ION	0.009307136	0.019648397	0.059979316	0.10341261	0.13133402	0.13133402	0.1623578	0.11995863	0.114788	0.14788005
B18_ION	0.038674034	0.07274401	0.10405157	0.11878453	0.113259666	0.1160221	0.12246777	0.114180475	0.0893186	0.110497236
Y17_ION	0.082042694	0.14357471	0.13645877	0.152365	0.119296774	0.10213479	0.07660109	0.06320636	0.06153202	0.06278778
B17_ION	0.04118993	0.06864989	0.09839817	0.107551485	0.1430206	0.14874142	0.11556064	0.09725401	0.083524026	0.09610984
J_ION	0.047404062	0.066482194	0.0761669	0.08352145	0.09437122	0.10580354	0.11599796	0.12597392	0.12611957	0.15815918
A_ION	0.025607353	0.06959947	0.11490479	0.12081418	0.14116874	0.12212738	0.112278394	0.10308602	0.08273145	0.107682206
Y_ION	0.3377416	0.2031197	0.13919973	0.09664293	0.070701934	0.049677856	0.033740252	0.027975585	0.022210918	0.018989488
B_ION	0.17818445	0.19046472	0.15771732	0.12521069	0.09294486	0.0732001	0.051769804	0.047194798	0.039007947	0.04430532